<!DOCTYPE html>
<html><head data-gwd-animation-mode="proMode"><meta name="GCD" content="YTk3ODQ3ZWZhN2I4NzZmMzBkNTEwYjJl2883ce27f67e5b612da41cc33fcccc7b"/>
    <meta name="generator" content="Google Web Designer 1.0.0.924">
    <meta name="template" content="Banner 1.0.5">
    <meta http-equiv="Content-Type" content="text/html; charset=utf-8">
    <meta name="viewport" content="width=device-width, initial-scale=1.0">
    <style type="text/css">html,body{width:100%;height:100%;margin:0px;}
.gwd-page-container{position:relative;width:100%;height:100%;}
.gwd-page-content{background-color:transparent;-webkit-transform:perspective(1400px) matrix3d(1, 0, 0, 0, 0, 1, 0, 0, 0, 0, 1, 0, 0, 0, 0, 1);-moz-transform:perspective(1400px) matrix3d(1, 0, 0, 0, 0, 1, 0, 0, 0, 0, 1, 0, 0, 0, 0, 1);transform:perspective(1400px) matrix3d(1, 0, 0, 0, 0, 1, 0, 0, 0, 0, 1, 0, 0, 0, 0, 1);-webkit-transform-style:preserve-3d;-moz-transform-style:preserve-3d;transform-style:preserve-3d;position:absolute;}
.gwd-page-wrapper{background-color:#ffffff;position:absolute;-webkit-transform:translateZ(0px);-moz-transform:translateZ(0px);transform:translateZ(0px);}
.gwd-page-size{width:1080px;height:764px;}
.gwd-img-c6q8{position:absolute;left:0px;top:0px;height:764px;width:1080px;}
.gwd-div-y09t{position:absolute;left:0px;top:73px;width:203px;height:219px;}
.gwd-div-qydt{position:absolute;left:204.10367191072413px;top:73px;width:437px;height:219px;}
.gwd-div-h946{position:absolute;height:219px;width:219px;left:642px;top:72.52630869198663px;}
.gwd-div-nm95{width:219px;left:861.1840420667564px;top:73.20935499542776px;}
.gwd-div-nh90{width:219px;left:204px;top:292px;}
.gwd-div-7fzp{top:292.5263086919901px;left:0px;width:203px;}
.gwd-div-mlku{width:219px;}
.gwd-div-pf48{width:219px;left:422px;top:292.52630869198686px;}
.gwd-div-t3mo{width:219px;left:641.5px;top:291.0263086919835px;-webkit-transform:matrix3d(1, 0, 0, 0, 0, 1, 0, 0, 0, 0, 1, 0, 0, 0, 0, 1);-moz-transform:matrix3d(1, 0, 0, 0, 0, 1, 0, 0, 0, 0, 1, 0, 0, 0, 0, 1);transform:matrix3d(1, 0, 0, 0, 0, 1, 0, 0, 0, 0, 1, 0, 0, 0, 0, 1);-webkit-transform-style:preserve-3d;-moz-transform-style:preserve-3d;transform-style:preserve-3d;}
.gwd-div-8ojq{width:219px;left:863px;top:290.5263086919856px;}
.gwd-div-bzbq{top:511.52630869198936px;left:0px;width:204px;height:217px;}
.gwd-div-0l05{left:206px;top:510.5263086919907px;width:215px;}
.gwd-div-820q{left:422px;top:512.5263086919919px;width:218px;}
.gwd-div-oerp{left:642px;top:509.52630869199345px;width:437px;height:219px;}
.gwd-div-b1uk{width:1080px;}
.gwd-div-3lc6{width:1080px;}
.gwd-img-3565{width:1080px;}
.gwd-div-kyyz{width:438px;}
.gwd-img-flql{-webkit-transform-style:preserve-3d;-moz-transform-style:preserve-3d;transform-style:preserve-3d;top:0px;left:0px;width:1080px;height:764px;-webkit-transform:matrix3d(0.453731023, 0, -0.8911386866, 0, 0, 1, 0, 0, 0.8911386866, 0, 0.453731023, 0, -673.7945118135, 0, -343.068343608, 1);-moz-transform:matrix3d(0.453731023, 0, -0.8911386866, 0, 0, 1, 0, 0, 0.8911386866, 0, 0.453731023, 0, -673.7945118135, 0, -343.068343608, 1);transform:matrix3d(0.453731023, 0, -0.8911386866, 0, 0, 1, 0, 0, 0.8911386866, 0, 0.453731023, 0, -673.7945118135, 0, -343.068343608, 1);}
.gwd-gen-0snp .gwd-gen-a8n0gwdanimation{-webkit-animation:gwd-gen-a8n0gwdanimation_gwd-keyframes 12s linear 0s 1 forwards;-moz-animation:gwd-gen-a8n0gwdanimation_gwd-keyframes 12s linear 0s 1 forwards;animation:gwd-gen-a8n0gwdanimation_gwd-keyframes 12s linear 0s 1 forwards;}
@-webkit-keyframes gwd-gen-a8n0gwdanimation_gwd-keyframes{0%{top:0px;left:0px;width:1080px;height:764px;-webkit-transform:matrix3d(1, 0, 0, 0, 0, 1, 0, 0, 0, 0, 1, 0, 0, 0, 0, 1);-webkit-animation-timing-function:linear;} 8.33333%{top:0px;left:0px;width:1080px;height:764px;-webkit-transform:matrix3d(0.453731023, 0, -0.8911386866, 0, 0, 1, 0, 0, 0.8911386866, 0, 0.453731023, 0, -673.7945118135, 0, -343.068343608, 1);-webkit-animation-timing-function:linear;} 91.6667%{top:0px;left:0px;width:1080px;height:764px;-webkit-transform:matrix3d(0.453731023, 0, -0.8911386866, 0, 0, 1, 0, 0, 0.8911386866, 0, 0.453731023, 0, -673.7945118135, 0, -343.068343608, 1);-webkit-animation-timing-function:linear;} 100%{top:0px;left:0px;width:1080px;height:764px;-webkit-transform:matrix3d(1, 0, 0, 0, 0, 1, 0, 0, 0, 0, 1, 0, 0, 0, 0, 1);-webkit-animation-timing-function:linear;}}@-moz-keyframes gwd-gen-a8n0gwdanimation_gwd-keyframes{0%{top:0px;left:0px;width:1080px;height:764px;-moz-transform:matrix3d(1, 0, 0, 0, 0, 1, 0, 0, 0, 0, 1, 0, 0, 0, 0, 1);-moz-animation-timing-function:linear;} 8.33333%{top:0px;left:0px;width:1080px;height:764px;-moz-transform:matrix3d(0.453731023, 0, -0.8911386866, 0, 0, 1, 0, 0, 0.8911386866, 0, 0.453731023, 0, -673.7945118135, 0, -343.068343608, 1);-moz-animation-timing-function:linear;} 91.6667%{top:0px;left:0px;width:1080px;height:764px;-moz-transform:matrix3d(0.453731023, 0, -0.8911386866, 0, 0, 1, 0, 0, 0.8911386866, 0, 0.453731023, 0, -673.7945118135, 0, -343.068343608, 1);-moz-animation-timing-function:linear;} 100%{top:0px;left:0px;width:1080px;height:764px;-moz-transform:matrix3d(1, 0, 0, 0, 0, 1, 0, 0, 0, 0, 1, 0, 0, 0, 0, 1);-moz-animation-timing-function:linear;}}@keyframes gwd-gen-a8n0gwdanimation_gwd-keyframes{0%{top:0px;left:0px;width:1080px;height:764px;transform:matrix3d(1, 0, 0, 0, 0, 1, 0, 0, 0, 0, 1, 0, 0, 0, 0, 1);animation-timing-function:linear;} 8.33333%{top:0px;left:0px;width:1080px;height:764px;transform:matrix3d(0.453731023, 0, -0.8911386866, 0, 0, 1, 0, 0, 0.8911386866, 0, 0.453731023, 0, -673.7945118135, 0, -343.068343608, 1);animation-timing-function:linear;} 91.6667%{top:0px;left:0px;width:1080px;height:764px;transform:matrix3d(0.453731023, 0, -0.8911386866, 0, 0, 1, 0, 0, 0.8911386866, 0, 0.453731023, 0, -673.7945118135, 0, -343.068343608, 1);animation-timing-function:linear;} 100%{top:0px;left:0px;width:1080px;height:764px;transform:matrix3d(1, 0, 0, 0, 0, 1, 0, 0, 0, 0, 1, 0, 0, 0, 0, 1);animation-timing-function:linear;}}.gwd-div-5mo3{width:1080px;}
.gwd-div-pdnd{width:1080px;}
.gwd-img-9uqh{top:0px;left:0px;width:1080px;height:764px;-webkit-transform:matrix3d(0.453731023, 0, -0.8911386866, 0, 0, 1, 0, 0, 0.8911386866, 0, 0.453731023, 0, -673.7945118135, 0, -343.068343608, 1);-moz-transform:matrix3d(0.453731023, 0, -0.8911386866, 0, 0, 1, 0, 0, 0.8911386866, 0, 0.453731023, 0, -673.7945118135, 0, -343.068343608, 1);transform:matrix3d(0.453731023, 0, -0.8911386866, 0, 0, 1, 0, 0, 0.8911386866, 0, 0.453731023, 0, -673.7945118135, 0, -343.068343608, 1);}
.gwd-gen-0snp .gwd-gen-h3psgwdanimation{-webkit-animation:gwd-gen-h3psgwdanimation_gwd-keyframes 61s linear 0s 1 forwards;-moz-animation:gwd-gen-h3psgwdanimation_gwd-keyframes 61s linear 0s 1 forwards;animation:gwd-gen-h3psgwdanimation_gwd-keyframes 61s linear 0s 1 forwards;}
.gwd-img-mwrz{position:absolute;-webkit-transform-style:preserve-3d;-moz-transform-style:preserve-3d;transform-style:preserve-3d;top:27.640000051240918px;left:1080px;width:1000px;height:707px;-webkit-transform:matrix3d(1, 0, 0, 0, 0, 1, 0, 0, 0, 0, 1, 0, 0, 0, 0, 1);-moz-transform:matrix3d(1, 0, 0, 0, 0, 1, 0, 0, 0, 0, 1, 0, 0, 0, 0, 1);transform:matrix3d(1, 0, 0, 0, 0, 1, 0, 0, 0, 0, 1, 0, 0, 0, 0, 1);}
.gwd-img-iia5{top:0px;left:0px;width:1080px;height:764px;-webkit-transform:matrix3d(1, 0, 0, 0, 0, 1, 0, 0, 0, 0, 1, 0, 0, 0, 0, 1);-moz-transform:matrix3d(1, 0, 0, 0, 0, 1, 0, 0, 0, 0, 1, 0, 0, 0, 0, 1);transform:matrix3d(1, 0, 0, 0, 0, 1, 0, 0, 0, 0, 1, 0, 0, 0, 0, 1);}
.gwd-gen-0snp .gwd-gen-2oqmgwdanimation{-webkit-animation:gwd-gen-2oqmgwdanimation_gwd-keyframes 12s linear 0s 1 forwards;-moz-animation:gwd-gen-2oqmgwdanimation_gwd-keyframes 12s linear 0s 1 forwards;animation:gwd-gen-2oqmgwdanimation_gwd-keyframes 12s linear 0s 1 forwards;}
@-webkit-keyframes gwd-gen-2oqmgwdanimation_gwd-keyframes{0%{top:27.640000051240918px;left:1080px;width:1000px;height:707px;-webkit-transform:matrix3d(1, 0, 0, 0, 0, 1, 0, 0, 0, 0, 1, 0, 0, 0, 0, 1);-webkit-animation-timing-function:linear;} 8.33333%{top:27.640000051240918px;left:1080px;width:1000px;height:707px;-webkit-transform:matrix3d(1, 0, 0, 0, 0, 1, 0, 0, 0, 0, 1, 0, -1000, 0, 0, 1);-webkit-animation-timing-function:linear;} 91.6667%{top:27.640000051240918px;left:1080px;width:1000px;height:707px;-webkit-transform:matrix3d(1, 0, 0, 0, 0, 1, 0, 0, 0, 0, 1, 0, -1000, 0, 0, 1);-webkit-animation-timing-function:linear;} 100%{top:27.640000051240918px;left:1080px;width:1000px;height:707px;-webkit-transform:matrix3d(1, 0, 0, 0, 0, 1, 0, 0, 0, 0, 1, 0, 0, 0, 0, 1);-webkit-animation-timing-function:linear;}}@-moz-keyframes gwd-gen-2oqmgwdanimation_gwd-keyframes{0%{top:27.640000051240918px;left:1080px;width:1000px;height:707px;-moz-transform:matrix3d(1, 0, 0, 0, 0, 1, 0, 0, 0, 0, 1, 0, 0, 0, 0, 1);-moz-animation-timing-function:linear;} 8.33333%{top:27.640000051240918px;left:1080px;width:1000px;height:707px;-moz-transform:matrix3d(1, 0, 0, 0, 0, 1, 0, 0, 0, 0, 1, 0, -1000, 0, 0, 1);-moz-animation-timing-function:linear;} 91.6667%{top:27.640000051240918px;left:1080px;width:1000px;height:707px;-moz-transform:matrix3d(1, 0, 0, 0, 0, 1, 0, 0, 0, 0, 1, 0, -1000, 0, 0, 1);-moz-animation-timing-function:linear;} 100%{top:27.640000051240918px;left:1080px;width:1000px;height:707px;-moz-transform:matrix3d(1, 0, 0, 0, 0, 1, 0, 0, 0, 0, 1, 0, 0, 0, 0, 1);-moz-animation-timing-function:linear;}}@keyframes gwd-gen-2oqmgwdanimation_gwd-keyframes{0%{top:27.640000051240918px;left:1080px;width:1000px;height:707px;transform:matrix3d(1, 0, 0, 0, 0, 1, 0, 0, 0, 0, 1, 0, 0, 0, 0, 1);animation-timing-function:linear;} 8.33333%{top:27.640000051240918px;left:1080px;width:1000px;height:707px;transform:matrix3d(1, 0, 0, 0, 0, 1, 0, 0, 0, 0, 1, 0, -1000, 0, 0, 1);animation-timing-function:linear;} 91.6667%{top:27.640000051240918px;left:1080px;width:1000px;height:707px;transform:matrix3d(1, 0, 0, 0, 0, 1, 0, 0, 0, 0, 1, 0, -1000, 0, 0, 1);animation-timing-function:linear;} 100%{top:27.640000051240918px;left:1080px;width:1000px;height:707px;transform:matrix3d(1, 0, 0, 0, 0, 1, 0, 0, 0, 0, 1, 0, 0, 0, 0, 1);animation-timing-function:linear;}}.gwd-div-ez6j{position:absolute;left:127.001708984375px;top:27.888916015625px;-webkit-transform:matrix3d(1, 0, 0, 0, 0, 1, 0, 0, 0, 0, 1, 0, -127, -28, 0, 1);-moz-transform:matrix3d(1, 0, 0, 0, 0, 1, 0, 0, 0, 0, 1, 0, -127, -28, 0, 1);transform:matrix3d(1, 0, 0, 0, 0, 1, 0, 0, 0, 0, 1, 0, -127, -28, 0, 1);-webkit-transform-style:preserve-3d;-moz-transform-style:preserve-3d;transform-style:preserve-3d;height:770px;width:1080px;}
.gwd-div-9aiz{position:absolute;left:0px;top:0px;width:1080px;height:764px;}
.gwd-div-ysrc{width:1080px;}
.gwd-div-ab53{width:1080px;}
.gwd-img-r0j2{top:0px;left:0px;width:1080px;height:764px;-webkit-transform:matrix3d(1, 0, 0, 0, 0, 1, 0, 0, 0, 0, 1, 0, 0, 0, 0, 1);-moz-transform:matrix3d(1, 0, 0, 0, 0, 1, 0, 0, 0, 0, 1, 0, 0, 0, 0, 1);transform:matrix3d(1, 0, 0, 0, 0, 1, 0, 0, 0, 0, 1, 0, 0, 0, 0, 1);}
.gwd-div-v94x{width:1080px;}
.gwd-gen-0snp .gwd-gen-s7x4gwdanimation{-webkit-animation:gwd-gen-s7x4gwdanimation_gwd-keyframes 41s linear 0s 1 forwards;-moz-animation:gwd-gen-s7x4gwdanimation_gwd-keyframes 41s linear 0s 1 forwards;animation:gwd-gen-s7x4gwdanimation_gwd-keyframes 41s linear 0s 1 forwards;}
.gwd-img-stic{position:absolute;-webkit-transform-style:preserve-3d;-moz-transform-style:preserve-3d;transform-style:preserve-3d;top:28px;left:1080px;width:1000px;height:707px;-webkit-transform:matrix3d(1, 0, 0, 0, 0, 1, 0, 0, 0, 0, 1, 0, 0, 0, 0, 1);-moz-transform:matrix3d(1, 0, 0, 0, 0, 1, 0, 0, 0, 0, 1, 0, 0, 0, 0, 1);transform:matrix3d(1, 0, 0, 0, 0, 1, 0, 0, 0, 0, 1, 0, 0, 0, 0, 1);}
.gwd-img-dc4h{top:0px;left:0px;width:1080px;height:764px;-webkit-transform:matrix3d(0.453731023, 0, -0.8911386866, 0, 0, 1, 0, 0, 0.8911386866, 0, 0.453731023, 0, -673.7945118135, 0, -343.068343608, 1);-moz-transform:matrix3d(0.453731023, 0, -0.8911386866, 0, 0, 1, 0, 0, 0.8911386866, 0, 0.453731023, 0, -673.7945118135, 0, -343.068343608, 1);transform:matrix3d(0.453731023, 0, -0.8911386866, 0, 0, 1, 0, 0, 0.8911386866, 0, 0.453731023, 0, -673.7945118135, 0, -343.068343608, 1);}
.gwd-div-4wxc{top:0px;left:0px;width:1080px;height:764px;}
@-webkit-keyframes gwd-gen-h3psgwdanimation_gwd-keyframes{0%{top:0px;left:0px;width:1080px;height:764px;-webkit-transform:matrix3d(1, 0, 0, 0, 0, 1, 0, 0, 0, 0, 1, 0, 0, 0, 0, 1);-webkit-animation-timing-function:linear;} 1.6377%{top:0px;left:0px;width:1080px;height:764px;-webkit-transform:matrix3d(0.453731023, 0, -0.8911386866, 0, 0, 1, 0, 0, 0.8911386866, 0, 0.453731023, 0, -673.7945118135, 0, -343.068343608, 1);-webkit-animation-timing-function:linear;} 98.3607%{top:0px;left:0px;width:1080px;height:764px;-webkit-transform:matrix3d(0.453731023, 0, -0.8911386866, 0, 0, 1, 0, 0, 0.8911386866, 0, 0.453731023, 0, -673.7945118135, 0, -343.068343608, 1);-webkit-animation-timing-function:linear;} 100%{top:0px;left:0px;width:1080px;height:764px;-webkit-transform:matrix3d(1, 0, 0, 0, 0, 1, 0, 0, 0, 0, 1, 0, 0, 0, 0, 1);-webkit-animation-timing-function:linear;}}@-moz-keyframes gwd-gen-h3psgwdanimation_gwd-keyframes{0%{top:0px;left:0px;width:1080px;height:764px;-moz-transform:matrix3d(1, 0, 0, 0, 0, 1, 0, 0, 0, 0, 1, 0, 0, 0, 0, 1);-moz-animation-timing-function:linear;} 1.6377%{top:0px;left:0px;width:1080px;height:764px;-moz-transform:matrix3d(0.453731023, 0, -0.8911386866, 0, 0, 1, 0, 0, 0.8911386866, 0, 0.453731023, 0, -673.7945118135, 0, -343.068343608, 1);-moz-animation-timing-function:linear;} 98.3607%{top:0px;left:0px;width:1080px;height:764px;-moz-transform:matrix3d(0.453731023, 0, -0.8911386866, 0, 0, 1, 0, 0, 0.8911386866, 0, 0.453731023, 0, -673.7945118135, 0, -343.068343608, 1);-moz-animation-timing-function:linear;} 100%{top:0px;left:0px;width:1080px;height:764px;-moz-transform:matrix3d(1, 0, 0, 0, 0, 1, 0, 0, 0, 0, 1, 0, 0, 0, 0, 1);-moz-animation-timing-function:linear;}}@keyframes gwd-gen-h3psgwdanimation_gwd-keyframes{0%{top:0px;left:0px;width:1080px;height:764px;transform:matrix3d(1, 0, 0, 0, 0, 1, 0, 0, 0, 0, 1, 0, 0, 0, 0, 1);animation-timing-function:linear;} 1.6377%{top:0px;left:0px;width:1080px;height:764px;transform:matrix3d(0.453731023, 0, -0.8911386866, 0, 0, 1, 0, 0, 0.8911386866, 0, 0.453731023, 0, -673.7945118135, 0, -343.068343608, 1);animation-timing-function:linear;} 98.3607%{top:0px;left:0px;width:1080px;height:764px;transform:matrix3d(0.453731023, 0, -0.8911386866, 0, 0, 1, 0, 0, 0.8911386866, 0, 0.453731023, 0, -673.7945118135, 0, -343.068343608, 1);animation-timing-function:linear;} 100%{top:0px;left:0px;width:1080px;height:764px;transform:matrix3d(1, 0, 0, 0, 0, 1, 0, 0, 0, 0, 1, 0, 0, 0, 0, 1);animation-timing-function:linear;}}.gwd-gen-0snp .gwd-gen-o8zigwdanimation{-webkit-animation:gwd-gen-o8zigwdanimation_gwd-keyframes 31s linear 0s 1 forwards;-moz-animation:gwd-gen-o8zigwdanimation_gwd-keyframes 31s linear 0s 1 forwards;animation:gwd-gen-o8zigwdanimation_gwd-keyframes 31s linear 0s 1 forwards;}
@-webkit-keyframes gwd-gen-o8zigwdanimation_gwd-keyframes{0%{top:28px;left:1080px;width:1000px;height:707px;-webkit-transform:matrix3d(1, 0, 0, 0, 0, 1, 0, 0, 0, 0, 1, 0, 0, 0, 0, 1);-webkit-animation-timing-function:linear;} 3.22581%{top:28px;left:1080px;width:1000px;height:707px;-webkit-transform:matrix3d(1, 0, 0, 0, 0, 1, 0, 0, 0, 0, 1, 0, -1000.8000000641, 0, 0, 1);-webkit-animation-timing-function:linear;} 96.7742%{top:28px;left:1080px;width:1000px;height:707px;-webkit-transform:matrix3d(1, 0, 0, 0, 0, 1, 0, 0, 0, 0, 1, 0, -1000.8000000641, 0, 0, 1);-webkit-animation-timing-function:linear;} 100%{top:28px;left:1080px;width:1000px;height:707px;-webkit-transform:matrix3d(1, 0, 0, 0, 0, 1, 0, 0, 0, 0, 1, 0, 0, 0, 0, 1);-webkit-animation-timing-function:linear;}}@-moz-keyframes gwd-gen-o8zigwdanimation_gwd-keyframes{0%{top:28px;left:1080px;width:1000px;height:707px;-moz-transform:matrix3d(1, 0, 0, 0, 0, 1, 0, 0, 0, 0, 1, 0, 0, 0, 0, 1);-moz-animation-timing-function:linear;} 3.22581%{top:28px;left:1080px;width:1000px;height:707px;-moz-transform:matrix3d(1, 0, 0, 0, 0, 1, 0, 0, 0, 0, 1, 0, -1000.8000000641, 0, 0, 1);-moz-animation-timing-function:linear;} 96.7742%{top:28px;left:1080px;width:1000px;height:707px;-moz-transform:matrix3d(1, 0, 0, 0, 0, 1, 0, 0, 0, 0, 1, 0, -1000.8000000641, 0, 0, 1);-moz-animation-timing-function:linear;} 100%{top:28px;left:1080px;width:1000px;height:707px;-moz-transform:matrix3d(1, 0, 0, 0, 0, 1, 0, 0, 0, 0, 1, 0, 0, 0, 0, 1);-moz-animation-timing-function:linear;}}@keyframes gwd-gen-o8zigwdanimation_gwd-keyframes{0%{top:28px;left:1080px;width:1000px;height:707px;transform:matrix3d(1, 0, 0, 0, 0, 1, 0, 0, 0, 0, 1, 0, 0, 0, 0, 1);animation-timing-function:linear;} 3.22581%{top:28px;left:1080px;width:1000px;height:707px;transform:matrix3d(1, 0, 0, 0, 0, 1, 0, 0, 0, 0, 1, 0, -1000.8000000641, 0, 0, 1);animation-timing-function:linear;} 96.7742%{top:28px;left:1080px;width:1000px;height:707px;transform:matrix3d(1, 0, 0, 0, 0, 1, 0, 0, 0, 0, 1, 0, -1000.8000000641, 0, 0, 1);animation-timing-function:linear;} 100%{top:28px;left:1080px;width:1000px;height:707px;transform:matrix3d(1, 0, 0, 0, 0, 1, 0, 0, 0, 0, 1, 0, 0, 0, 0, 1);animation-timing-function:linear;}}.gwd-img-dhjs{position:absolute;-webkit-transform-style:preserve-3d;-moz-transform-style:preserve-3d;transform-style:preserve-3d;top:28px;left:1080px;width:1000px;height:707px;-webkit-transform:matrix3d(1, 0, 0, 0, 0, 1, 0, 0, 0, 0, 1, 0, -1002.2400000641, 0, 0, 1);-moz-transform:matrix3d(1, 0, 0, 0, 0, 1, 0, 0, 0, 0, 1, 0, -1002.2400000641, 0, 0, 1);transform:matrix3d(1, 0, 0, 0, 0, 1, 0, 0, 0, 0, 1, 0, -1002.2400000641, 0, 0, 1);}
.gwd-gen-0snp .gwd-gen-50jagwdanimation{-webkit-animation:gwd-gen-50jagwdanimation_gwd-keyframes 61s linear 0s 1 forwards;-moz-animation:gwd-gen-50jagwdanimation_gwd-keyframes 61s linear 0s 1 forwards;animation:gwd-gen-50jagwdanimation_gwd-keyframes 61s linear 0s 1 forwards;}
@-webkit-keyframes gwd-gen-50jagwdanimation_gwd-keyframes{0%{top:28px;left:1080px;width:1000px;height:707px;-webkit-transform:matrix3d(1, 0, 0, 0, 0, 1, 0, 0, 0, 0, 1, 0, 0, 0, 0, 1);-webkit-animation-timing-function:linear;} 49.1803%{top:28px;left:1080px;width:1000px;height:707px;-webkit-transform:matrix3d(1, 0, 0, 0, 0, 1, 0, 0, 0, 0, 1, 0, 0, 0, 0, 1);-webkit-animation-timing-function:linear;} 50.8197%{top:28px;left:1080px;width:1000px;height:707px;-webkit-transform:matrix3d(1, 0, 0, 0, 0, 1, 0, 0, 0, 0, 1, 0, -1002.2400000641, 0, 0, 1);-webkit-animation-timing-function:linear;} 98.3607%{top:28px;left:1080px;width:1000px;height:707px;-webkit-transform:matrix3d(1, 0, 0, 0, 0, 1, 0, 0, 0, 0, 1, 0, -1002.2400000641, 0, 0, 1);-webkit-animation-timing-function:linear;} 100%{top:28px;left:1080px;width:1000px;height:707px;-webkit-transform:matrix3d(1, 0, 0, 0, 0, 1, 0, 0, 0, 0, 1, 0, 0, 0, 0, 1);-webkit-animation-timing-function:linear;}}@-moz-keyframes gwd-gen-50jagwdanimation_gwd-keyframes{0%{top:28px;left:1080px;width:1000px;height:707px;-moz-transform:matrix3d(1, 0, 0, 0, 0, 1, 0, 0, 0, 0, 1, 0, 0, 0, 0, 1);-moz-animation-timing-function:linear;} 49.1803%{top:28px;left:1080px;width:1000px;height:707px;-moz-transform:matrix3d(1, 0, 0, 0, 0, 1, 0, 0, 0, 0, 1, 0, 0, 0, 0, 1);-moz-animation-timing-function:linear;} 50.8197%{top:28px;left:1080px;width:1000px;height:707px;-moz-transform:matrix3d(1, 0, 0, 0, 0, 1, 0, 0, 0, 0, 1, 0, -1002.2400000641, 0, 0, 1);-moz-animation-timing-function:linear;} 98.3607%{top:28px;left:1080px;width:1000px;height:707px;-moz-transform:matrix3d(1, 0, 0, 0, 0, 1, 0, 0, 0, 0, 1, 0, -1002.2400000641, 0, 0, 1);-moz-animation-timing-function:linear;} 100%{top:28px;left:1080px;width:1000px;height:707px;-moz-transform:matrix3d(1, 0, 0, 0, 0, 1, 0, 0, 0, 0, 1, 0, 0, 0, 0, 1);-moz-animation-timing-function:linear;}}@keyframes gwd-gen-50jagwdanimation_gwd-keyframes{0%{top:28px;left:1080px;width:1000px;height:707px;transform:matrix3d(1, 0, 0, 0, 0, 1, 0, 0, 0, 0, 1, 0, 0, 0, 0, 1);animation-timing-function:linear;} 49.1803%{top:28px;left:1080px;width:1000px;height:707px;transform:matrix3d(1, 0, 0, 0, 0, 1, 0, 0, 0, 0, 1, 0, 0, 0, 0, 1);animation-timing-function:linear;} 50.8197%{top:28px;left:1080px;width:1000px;height:707px;transform:matrix3d(1, 0, 0, 0, 0, 1, 0, 0, 0, 0, 1, 0, -1002.2400000641, 0, 0, 1);animation-timing-function:linear;} 98.3607%{top:28px;left:1080px;width:1000px;height:707px;transform:matrix3d(1, 0, 0, 0, 0, 1, 0, 0, 0, 0, 1, 0, -1002.2400000641, 0, 0, 1);animation-timing-function:linear;} 100%{top:28px;left:1080px;width:1000px;height:707px;transform:matrix3d(1, 0, 0, 0, 0, 1, 0, 0, 0, 0, 1, 0, 0, 0, 0, 1);animation-timing-function:linear;}}.gwd-div-q4p9{width:1080px;}
.gwd-div-qvdg{width:1080px;}
.gwd-img-4rhr{top:0px;left:0px;width:1080px;height:764px;-webkit-transform:matrix3d(1, 0, 0, 0, 0, 1, 0, 0, 0, 0, 1, 0, 0, 0, 0, 1);-moz-transform:matrix3d(1, 0, 0, 0, 0, 1, 0, 0, 0, 0, 1, 0, 0, 0, 0, 1);transform:matrix3d(1, 0, 0, 0, 0, 1, 0, 0, 0, 0, 1, 0, 0, 0, 0, 1);}
.gwd-div-quik{width:1080px;}
.gwd-gen-0snp .gwd-gen-z7z6gwdanimation{-webkit-animation:gwd-gen-z7z6gwdanimation_gwd-keyframes 41s linear 0s 1 forwards;-moz-animation:gwd-gen-z7z6gwdanimation_gwd-keyframes 41s linear 0s 1 forwards;animation:gwd-gen-z7z6gwdanimation_gwd-keyframes 41s linear 0s 1 forwards;}
.gwd-img-lobk{top:0px;left:0px;width:1080px;height:764px;-webkit-transform:matrix3d(0.453731023, 0, -0.8911386866, 0, 0, 1, 0, 0, 0.8911386866, 0, 0.453731023, 0, -673.7945118135, 0, -343.068343608, 1);-moz-transform:matrix3d(0.453731023, 0, -0.8911386866, 0, 0, 1, 0, 0, 0.8911386866, 0, 0.453731023, 0, -673.7945118135, 0, -343.068343608, 1);transform:matrix3d(0.453731023, 0, -0.8911386866, 0, 0, 1, 0, 0, 0.8911386866, 0, 0.453731023, 0, -673.7945118135, 0, -343.068343608, 1);}
@-webkit-keyframes gwd-gen-s7x4gwdanimation_gwd-keyframes{0%{top:0px;left:0px;width:1080px;height:764px;-webkit-transform:matrix3d(1, 0, 0, 0, 0, 1, 0, 0, 0, 0, 1, 0, 0, 0, 0, 1);-webkit-animation-timing-function:linear;} 2.43415%{top:0px;left:0px;width:1080px;height:764px;-webkit-transform:matrix3d(0.453731023, 0, -0.8911386866, 0, 0, 1, 0, 0, 0.8911386866, 0, 0.453731023, 0, -673.7945118135, 0, -343.068343608, 1);-webkit-animation-timing-function:linear;} 97.561%{top:0px;left:0px;width:1080px;height:764px;-webkit-transform:matrix3d(0.453731023, 0, -0.8911386866, 0, 0, 1, 0, 0, 0.8911386866, 0, 0.453731023, 0, -673.7945118135, 0, -343.068343608, 1);-webkit-animation-timing-function:linear;} 100%{top:0px;left:0px;width:1080px;height:764px;-webkit-transform:matrix3d(1, 0, 0, 0, 0, 1, 0, 0, 0, 0, 1, 0, 0, 0, 0, 1);-webkit-animation-timing-function:linear;}}@-moz-keyframes gwd-gen-s7x4gwdanimation_gwd-keyframes{0%{top:0px;left:0px;width:1080px;height:764px;-moz-transform:matrix3d(1, 0, 0, 0, 0, 1, 0, 0, 0, 0, 1, 0, 0, 0, 0, 1);-moz-animation-timing-function:linear;} 2.43415%{top:0px;left:0px;width:1080px;height:764px;-moz-transform:matrix3d(0.453731023, 0, -0.8911386866, 0, 0, 1, 0, 0, 0.8911386866, 0, 0.453731023, 0, -673.7945118135, 0, -343.068343608, 1);-moz-animation-timing-function:linear;} 97.561%{top:0px;left:0px;width:1080px;height:764px;-moz-transform:matrix3d(0.453731023, 0, -0.8911386866, 0, 0, 1, 0, 0, 0.8911386866, 0, 0.453731023, 0, -673.7945118135, 0, -343.068343608, 1);-moz-animation-timing-function:linear;} 100%{top:0px;left:0px;width:1080px;height:764px;-moz-transform:matrix3d(1, 0, 0, 0, 0, 1, 0, 0, 0, 0, 1, 0, 0, 0, 0, 1);-moz-animation-timing-function:linear;}}@keyframes gwd-gen-s7x4gwdanimation_gwd-keyframes{0%{top:0px;left:0px;width:1080px;height:764px;transform:matrix3d(1, 0, 0, 0, 0, 1, 0, 0, 0, 0, 1, 0, 0, 0, 0, 1);animation-timing-function:linear;} 2.43415%{top:0px;left:0px;width:1080px;height:764px;transform:matrix3d(0.453731023, 0, -0.8911386866, 0, 0, 1, 0, 0, 0.8911386866, 0, 0.453731023, 0, -673.7945118135, 0, -343.068343608, 1);animation-timing-function:linear;} 97.561%{top:0px;left:0px;width:1080px;height:764px;transform:matrix3d(0.453731023, 0, -0.8911386866, 0, 0, 1, 0, 0, 0.8911386866, 0, 0.453731023, 0, -673.7945118135, 0, -343.068343608, 1);animation-timing-function:linear;} 100%{top:0px;left:0px;width:1080px;height:764px;transform:matrix3d(1, 0, 0, 0, 0, 1, 0, 0, 0, 0, 1, 0, 0, 0, 0, 1);animation-timing-function:linear;}}.gwd-img-eekv{position:absolute;-webkit-transform-style:preserve-3d;-moz-transform-style:preserve-3d;transform-style:preserve-3d;top:28px;left:1080px;width:1000px;height:707px;-webkit-transform:matrix3d(1, 0, 0, 0, 0, 1, 0, 0, 0, 0, 1, 0, 0, 0, 0, 1);-moz-transform:matrix3d(1, 0, 0, 0, 0, 1, 0, 0, 0, 0, 1, 0, 0, 0, 0, 1);transform:matrix3d(1, 0, 0, 0, 0, 1, 0, 0, 0, 0, 1, 0, 0, 0, 0, 1);}
.gwd-gen-0snp .gwd-gen-5yazgwdanimation{-webkit-animation:gwd-gen-5yazgwdanimation_gwd-keyframes 21s linear 0s 1 forwards;-moz-animation:gwd-gen-5yazgwdanimation_gwd-keyframes 21s linear 0s 1 forwards;animation:gwd-gen-5yazgwdanimation_gwd-keyframes 21s linear 0s 1 forwards;}
@-webkit-keyframes gwd-gen-5yazgwdanimation_gwd-keyframes{0%{top:28px;left:1080px;width:1000px;height:707px;-webkit-transform:matrix3d(1, 0, 0, 0, 0, 1, 0, 0, 0, 0, 1, 0, 0, 0, 0, 1);-webkit-animation-timing-function:linear;} 4.7619%{top:28px;left:1080px;width:1000px;height:707px;-webkit-transform:matrix3d(1, 0, 0, 0, 0, 1, 0, 0, 0, 0, 1, 0, -1003.6800000642, 0, 0, 1);-webkit-animation-timing-function:linear;} 95.2381%{top:28px;left:1080px;width:1000px;height:707px;-webkit-transform:matrix3d(1, 0, 0, 0, 0, 1, 0, 0, 0, 0, 1, 0, -1003.6800000642, 0, 0, 1);-webkit-animation-timing-function:linear;} 100%{top:28px;left:1080px;width:1000px;height:707px;-webkit-transform:matrix3d(1, 0, 0, 0, 0, 1, 0, 0, 0, 0, 1, 0, 0, 0, 0, 1);-webkit-animation-timing-function:linear;}}@-moz-keyframes gwd-gen-5yazgwdanimation_gwd-keyframes{0%{top:28px;left:1080px;width:1000px;height:707px;-moz-transform:matrix3d(1, 0, 0, 0, 0, 1, 0, 0, 0, 0, 1, 0, 0, 0, 0, 1);-moz-animation-timing-function:linear;} 4.7619%{top:28px;left:1080px;width:1000px;height:707px;-moz-transform:matrix3d(1, 0, 0, 0, 0, 1, 0, 0, 0, 0, 1, 0, -1003.6800000642, 0, 0, 1);-moz-animation-timing-function:linear;} 95.2381%{top:28px;left:1080px;width:1000px;height:707px;-moz-transform:matrix3d(1, 0, 0, 0, 0, 1, 0, 0, 0, 0, 1, 0, -1003.6800000642, 0, 0, 1);-moz-animation-timing-function:linear;} 100%{top:28px;left:1080px;width:1000px;height:707px;-moz-transform:matrix3d(1, 0, 0, 0, 0, 1, 0, 0, 0, 0, 1, 0, 0, 0, 0, 1);-moz-animation-timing-function:linear;}}@keyframes gwd-gen-5yazgwdanimation_gwd-keyframes{0%{top:28px;left:1080px;width:1000px;height:707px;transform:matrix3d(1, 0, 0, 0, 0, 1, 0, 0, 0, 0, 1, 0, 0, 0, 0, 1);animation-timing-function:linear;} 4.7619%{top:28px;left:1080px;width:1000px;height:707px;transform:matrix3d(1, 0, 0, 0, 0, 1, 0, 0, 0, 0, 1, 0, -1003.6800000642, 0, 0, 1);animation-timing-function:linear;} 95.2381%{top:28px;left:1080px;width:1000px;height:707px;transform:matrix3d(1, 0, 0, 0, 0, 1, 0, 0, 0, 0, 1, 0, -1003.6800000642, 0, 0, 1);animation-timing-function:linear;} 100%{top:28px;left:1080px;width:1000px;height:707px;transform:matrix3d(1, 0, 0, 0, 0, 1, 0, 0, 0, 0, 1, 0, 0, 0, 0, 1);animation-timing-function:linear;}}.gwd-img-doel{position:absolute;-webkit-transform-style:preserve-3d;-moz-transform-style:preserve-3d;transform-style:preserve-3d;top:28px;left:1080px;width:1000px;height:707px;-webkit-transform:matrix3d(1, 0, 0, 0, 0, 1, 0, 0, 0, 0, 1, 0, -1000.8000000641, 0, 0, 1);-moz-transform:matrix3d(1, 0, 0, 0, 0, 1, 0, 0, 0, 0, 1, 0, -1000.8000000641, 0, 0, 1);transform:matrix3d(1, 0, 0, 0, 0, 1, 0, 0, 0, 0, 1, 0, -1000.8000000641, 0, 0, 1);}
.gwd-gen-0snp .gwd-gen-gnxzgwdanimation{-webkit-animation:gwd-gen-gnxzgwdanimation_gwd-keyframes 41s linear 0s 1 forwards;-moz-animation:gwd-gen-gnxzgwdanimation_gwd-keyframes 41s linear 0s 1 forwards;animation:gwd-gen-gnxzgwdanimation_gwd-keyframes 41s linear 0s 1 forwards;}
@-webkit-keyframes gwd-gen-gnxzgwdanimation_gwd-keyframes{0%{top:28px;left:1080px;width:1000px;height:707px;-webkit-transform:matrix3d(1, 0, 0, 0, 0, 1, 0, 0, 0, 0, 1, 0, 0, 0, 0, 1);-webkit-animation-timing-function:linear;} 48.7805%{top:28px;left:1080px;width:1000px;height:707px;-webkit-transform:matrix3d(1, 0, 0, 0, 0, 1, 0, 0, 0, 0, 1, 0, 0, 0, 0, 1);-webkit-animation-timing-function:linear;} 51.2195%{top:28px;left:1080px;width:1000px;height:707px;-webkit-transform:matrix3d(1, 0, 0, 0, 0, 1, 0, 0, 0, 0, 1, 0, -1000.8000000641, 0, 0, 1);-webkit-animation-timing-function:linear;} 97.561%{top:28px;left:1080px;width:1000px;height:707px;-webkit-transform:matrix3d(1, 0, 0, 0, 0, 1, 0, 0, 0, 0, 1, 0, -1000.8000000641, 0, 0, 1);-webkit-animation-timing-function:linear;} 100%{top:28px;left:1080px;width:1000px;height:707px;-webkit-transform:matrix3d(1, 0, 0, 0, 0, 1, 0, 0, 0, 0, 1, 0, 0, 0, 0, 1);-webkit-animation-timing-function:linear;}}@-moz-keyframes gwd-gen-gnxzgwdanimation_gwd-keyframes{0%{top:28px;left:1080px;width:1000px;height:707px;-moz-transform:matrix3d(1, 0, 0, 0, 0, 1, 0, 0, 0, 0, 1, 0, 0, 0, 0, 1);-moz-animation-timing-function:linear;} 48.7805%{top:28px;left:1080px;width:1000px;height:707px;-moz-transform:matrix3d(1, 0, 0, 0, 0, 1, 0, 0, 0, 0, 1, 0, 0, 0, 0, 1);-moz-animation-timing-function:linear;} 51.2195%{top:28px;left:1080px;width:1000px;height:707px;-moz-transform:matrix3d(1, 0, 0, 0, 0, 1, 0, 0, 0, 0, 1, 0, -1000.8000000641, 0, 0, 1);-moz-animation-timing-function:linear;} 97.561%{top:28px;left:1080px;width:1000px;height:707px;-moz-transform:matrix3d(1, 0, 0, 0, 0, 1, 0, 0, 0, 0, 1, 0, -1000.8000000641, 0, 0, 1);-moz-animation-timing-function:linear;} 100%{top:28px;left:1080px;width:1000px;height:707px;-moz-transform:matrix3d(1, 0, 0, 0, 0, 1, 0, 0, 0, 0, 1, 0, 0, 0, 0, 1);-moz-animation-timing-function:linear;}}@keyframes gwd-gen-gnxzgwdanimation_gwd-keyframes{0%{top:28px;left:1080px;width:1000px;height:707px;transform:matrix3d(1, 0, 0, 0, 0, 1, 0, 0, 0, 0, 1, 0, 0, 0, 0, 1);animation-timing-function:linear;} 48.7805%{top:28px;left:1080px;width:1000px;height:707px;transform:matrix3d(1, 0, 0, 0, 0, 1, 0, 0, 0, 0, 1, 0, 0, 0, 0, 1);animation-timing-function:linear;} 51.2195%{top:28px;left:1080px;width:1000px;height:707px;transform:matrix3d(1, 0, 0, 0, 0, 1, 0, 0, 0, 0, 1, 0, -1000.8000000641, 0, 0, 1);animation-timing-function:linear;} 97.561%{top:28px;left:1080px;width:1000px;height:707px;transform:matrix3d(1, 0, 0, 0, 0, 1, 0, 0, 0, 0, 1, 0, -1000.8000000641, 0, 0, 1);animation-timing-function:linear;} 100%{top:28px;left:1080px;width:1000px;height:707px;transform:matrix3d(1, 0, 0, 0, 0, 1, 0, 0, 0, 0, 1, 0, 0, 0, 0, 1);animation-timing-function:linear;}}.gwd-div-4v77{width:1080px;}
.gwd-div-ybml{width:1080px;}
.gwd-img-kwod{top:0px;left:0px;width:1080px;height:764px;-webkit-transform:matrix3d(1, 0, 0, 0, 0, 1, 0, 0, 0, 0, 1, 0, 0, 0, 0, 1);-moz-transform:matrix3d(1, 0, 0, 0, 0, 1, 0, 0, 0, 0, 1, 0, 0, 0, 0, 1);transform:matrix3d(1, 0, 0, 0, 0, 1, 0, 0, 0, 0, 1, 0, 0, 0, 0, 1);}
.gwd-div-8sig{width:1080px;}
.gwd-gen-0snp .gwd-gen-y02ogwdanimation{-webkit-animation:gwd-gen-y02ogwdanimation_gwd-keyframes 40s linear 0s 1 forwards;-moz-animation:gwd-gen-y02ogwdanimation_gwd-keyframes 40s linear 0s 1 forwards;animation:gwd-gen-y02ogwdanimation_gwd-keyframes 40s linear 0s 1 forwards;}
.gwd-img-x583{position:absolute;-webkit-transform-style:preserve-3d;-moz-transform-style:preserve-3d;transform-style:preserve-3d;top:28px;left:1080px;width:1000px;height:707px;-webkit-transform:matrix3d(1, 0, 0, 0, 0, 1, 0, 0, 0, 0, 1, 0, 0, 0, 0, 1);-moz-transform:matrix3d(1, 0, 0, 0, 0, 1, 0, 0, 0, 0, 1, 0, 0, 0, 0, 1);transform:matrix3d(1, 0, 0, 0, 0, 1, 0, 0, 0, 0, 1, 0, 0, 0, 0, 1);}
.gwd-img-wnm1{top:0px;left:0px;width:1080px;height:764px;-webkit-transform:matrix3d(0.453731023, 0, -0.8911386866, 0, 0, 1, 0, 0, 0.8911386866, 0, 0.453731023, 0, -673.7945118135, 0, -343.068343608, 1);-moz-transform:matrix3d(0.453731023, 0, -0.8911386866, 0, 0, 1, 0, 0, 0.8911386866, 0, 0.453731023, 0, -673.7945118135, 0, -343.068343608, 1);transform:matrix3d(0.453731023, 0, -0.8911386866, 0, 0, 1, 0, 0, 0.8911386866, 0, 0.453731023, 0, -673.7945118135, 0, -343.068343608, 1);}
.gwd-gen-0snp .gwd-gen-zfrmgwdanimation{-webkit-animation:gwd-gen-zfrmgwdanimation_gwd-keyframes 21s linear 0s 1 forwards;-moz-animation:gwd-gen-zfrmgwdanimation_gwd-keyframes 21s linear 0s 1 forwards;animation:gwd-gen-zfrmgwdanimation_gwd-keyframes 21s linear 0s 1 forwards;}
@-webkit-keyframes gwd-gen-zfrmgwdanimation_gwd-keyframes{0%{top:28px;left:1080px;width:1000px;height:707px;-webkit-transform:matrix3d(1, 0, 0, 0, 0, 1, 0, 0, 0, 0, 1, 0, 0, 0, 0, 1);-webkit-animation-timing-function:linear;} 4.7619%{top:28px;left:1080px;width:1000px;height:707px;-webkit-transform:matrix3d(1, 0, 0, 0, 0, 1, 0, 0, 0, 0, 1, 0, -1000.8000000641, 0, 0, 1);-webkit-animation-timing-function:linear;} 95.2381%{top:28px;left:1080px;width:1000px;height:707px;-webkit-transform:matrix3d(1, 0, 0, 0, 0, 1, 0, 0, 0, 0, 1, 0, -1000.8000000641, 0, 0, 1);-webkit-animation-timing-function:linear;} 100%{top:28px;left:1080px;width:1000px;height:707px;-webkit-transform:matrix3d(1, 0, 0, 0, 0, 1, 0, 0, 0, 0, 1, 0, 0, 0, 0, 1);-webkit-animation-timing-function:linear;}}@-moz-keyframes gwd-gen-zfrmgwdanimation_gwd-keyframes{0%{top:28px;left:1080px;width:1000px;height:707px;-moz-transform:matrix3d(1, 0, 0, 0, 0, 1, 0, 0, 0, 0, 1, 0, 0, 0, 0, 1);-moz-animation-timing-function:linear;} 4.7619%{top:28px;left:1080px;width:1000px;height:707px;-moz-transform:matrix3d(1, 0, 0, 0, 0, 1, 0, 0, 0, 0, 1, 0, -1000.8000000641, 0, 0, 1);-moz-animation-timing-function:linear;} 95.2381%{top:28px;left:1080px;width:1000px;height:707px;-moz-transform:matrix3d(1, 0, 0, 0, 0, 1, 0, 0, 0, 0, 1, 0, -1000.8000000641, 0, 0, 1);-moz-animation-timing-function:linear;} 100%{top:28px;left:1080px;width:1000px;height:707px;-moz-transform:matrix3d(1, 0, 0, 0, 0, 1, 0, 0, 0, 0, 1, 0, 0, 0, 0, 1);-moz-animation-timing-function:linear;}}@keyframes gwd-gen-zfrmgwdanimation_gwd-keyframes{0%{top:28px;left:1080px;width:1000px;height:707px;transform:matrix3d(1, 0, 0, 0, 0, 1, 0, 0, 0, 0, 1, 0, 0, 0, 0, 1);animation-timing-function:linear;} 4.7619%{top:28px;left:1080px;width:1000px;height:707px;transform:matrix3d(1, 0, 0, 0, 0, 1, 0, 0, 0, 0, 1, 0, -1000.8000000641, 0, 0, 1);animation-timing-function:linear;} 95.2381%{top:28px;left:1080px;width:1000px;height:707px;transform:matrix3d(1, 0, 0, 0, 0, 1, 0, 0, 0, 0, 1, 0, -1000.8000000641, 0, 0, 1);animation-timing-function:linear;} 100%{top:28px;left:1080px;width:1000px;height:707px;transform:matrix3d(1, 0, 0, 0, 0, 1, 0, 0, 0, 0, 1, 0, 0, 0, 0, 1);animation-timing-function:linear;}}@-webkit-keyframes gwd-gen-z7z6gwdanimation_gwd-keyframes{0%{top:0px;left:0px;width:1080px;height:764px;-webkit-transform:matrix3d(1, 0, 0, 0, 0, 1, 0, 0, 0, 0, 1, 0, 0, 0, 0, 1);-webkit-animation-timing-function:linear;} 2.43415%{top:0px;left:0px;width:1080px;height:764px;-webkit-transform:matrix3d(0.453731023, 0, -0.8911386866, 0, 0, 1, 0, 0, 0.8911386866, 0, 0.453731023, 0, -673.7945118135, 0, -343.068343608, 1);-webkit-animation-timing-function:linear;} 97.561%{top:0px;left:0px;width:1080px;height:764px;-webkit-transform:matrix3d(0.453731023, 0, -0.8911386866, 0, 0, 1, 0, 0, 0.8911386866, 0, 0.453731023, 0, -673.7945118135, 0, -343.068343608, 1);-webkit-animation-timing-function:linear;} 100%{top:0px;left:0px;width:1080px;height:764px;-webkit-transform:matrix3d(1, 0, 0, 0, 0, 1, 0, 0, 0, 0, 1, 0, 0, 0, 0, 1);-webkit-animation-timing-function:linear;}}@-moz-keyframes gwd-gen-z7z6gwdanimation_gwd-keyframes{0%{top:0px;left:0px;width:1080px;height:764px;-moz-transform:matrix3d(1, 0, 0, 0, 0, 1, 0, 0, 0, 0, 1, 0, 0, 0, 0, 1);-moz-animation-timing-function:linear;} 2.43415%{top:0px;left:0px;width:1080px;height:764px;-moz-transform:matrix3d(0.453731023, 0, -0.8911386866, 0, 0, 1, 0, 0, 0.8911386866, 0, 0.453731023, 0, -673.7945118135, 0, -343.068343608, 1);-moz-animation-timing-function:linear;} 97.561%{top:0px;left:0px;width:1080px;height:764px;-moz-transform:matrix3d(0.453731023, 0, -0.8911386866, 0, 0, 1, 0, 0, 0.8911386866, 0, 0.453731023, 0, -673.7945118135, 0, -343.068343608, 1);-moz-animation-timing-function:linear;} 100%{top:0px;left:0px;width:1080px;height:764px;-moz-transform:matrix3d(1, 0, 0, 0, 0, 1, 0, 0, 0, 0, 1, 0, 0, 0, 0, 1);-moz-animation-timing-function:linear;}}@keyframes gwd-gen-z7z6gwdanimation_gwd-keyframes{0%{top:0px;left:0px;width:1080px;height:764px;transform:matrix3d(1, 0, 0, 0, 0, 1, 0, 0, 0, 0, 1, 0, 0, 0, 0, 1);animation-timing-function:linear;} 2.43415%{top:0px;left:0px;width:1080px;height:764px;transform:matrix3d(0.453731023, 0, -0.8911386866, 0, 0, 1, 0, 0, 0.8911386866, 0, 0.453731023, 0, -673.7945118135, 0, -343.068343608, 1);animation-timing-function:linear;} 97.561%{top:0px;left:0px;width:1080px;height:764px;transform:matrix3d(0.453731023, 0, -0.8911386866, 0, 0, 1, 0, 0, 0.8911386866, 0, 0.453731023, 0, -673.7945118135, 0, -343.068343608, 1);animation-timing-function:linear;} 100%{top:0px;left:0px;width:1080px;height:764px;transform:matrix3d(1, 0, 0, 0, 0, 1, 0, 0, 0, 0, 1, 0, 0, 0, 0, 1);animation-timing-function:linear;}}.gwd-img-y5as{position:absolute;-webkit-transform-style:preserve-3d;-moz-transform-style:preserve-3d;transform-style:preserve-3d;top:28px;left:1080px;width:1000px;height:707px;-webkit-transform:matrix3d(1, 0, 0, 0, 0, 1, 0, 0, 0, 0, 1, 0, -1000.8000000641, 0, 0, 1);-moz-transform:matrix3d(1, 0, 0, 0, 0, 1, 0, 0, 0, 0, 1, 0, -1000.8000000641, 0, 0, 1);transform:matrix3d(1, 0, 0, 0, 0, 1, 0, 0, 0, 0, 1, 0, -1000.8000000641, 0, 0, 1);}
.gwd-gen-0snp .gwd-gen-k5mkgwdanimation{-webkit-animation:gwd-gen-k5mkgwdanimation_gwd-keyframes 41s linear 0s 1 forwards;-moz-animation:gwd-gen-k5mkgwdanimation_gwd-keyframes 41s linear 0s 1 forwards;animation:gwd-gen-k5mkgwdanimation_gwd-keyframes 41s linear 0s 1 forwards;}
